List(List(-(x1t*y1t)/2.,(x1t*y1r)/10.,(x1t*y2t)/2.,-(x1t*y2r)/10.,
   (3*x1t)/35.,0,-x1t/315.,0,0,0,0,0,0,0,0,0,0,0,0,0,0,0,0,0,0,0,0,0,0,0),
  List(-(x1r*y1t)/10.,0,(x1r*y2t)/10.,-(x1r*y2r)/60.,x1r/105.,x1r/210.,
   -x1r/630.,0,0,0,0,0,0,0,0,0,0,0,0,0,0,0,0,0,0,0,0,0,0,0),
  List(-(x2t*y1t)/2.,-(x2t*y1r)/10.,(x2t*y2t)/2.,(x2t*y2r)/10.,(-3*x2t)/35.,
   0,x2t/315.,0,0,0,0,0,0,0,0,0,0,0,0,0,0,0,0,0,0,0,0,0,0,0),
  List((x2r*y1t)/10.,(x2r*y1r)/60.,-(x2r*y2t)/10.,0,x2r/105.,-x2r/210.,
   -x2r/630.,0,0,0,0,0,0,0,0,0,0,0,0,0,0,0,0,0,0,0,0,0,0,0),
  List((-3*y1t)/35.,-y1r/105.,(3*y2t)/35.,-y2r/105.,0,0.006349206349206349,0,
   -0.0005772005772005772,0,0,0,0,0,0,0,0,0,0,0,0,0,0,0,0,0,0,0,0,0,0),
  List(0,-y1r/210.,0,y2r/210.,-0.006349206349206349,0,0.0017316017316017316,
   0,-0.000222000222000222,0,0,0,0,0,0,0,0,0,0,0,0,0,0,0,0,0,0,0,0,0),
  List(y1t/315.,y1r/630.,-y2t/315.,y2r/630.,0,-0.0017316017316017316,0,
   0.000666000666000666,0,-0.0001036001036001036,0,0,0,0,0,0,0,0,0,0,0,0,0,0,
   0,0,0,0,0,0),List(0,0,0,0,0.0005772005772005772,0,-0.000666000666000666,0,
   0.0003108003108003108,0,-0.00005484711367064308,0,0,0,0,0,0,0,0,0,0,0,0,0,
   0,0,0,0,0,0),List(0,0,0,0,0,0.000222000222000222,0,-0.0003108003108003108,
   0,0.00016454134101192923,0,-0.00003175359212510915,0,0,0,0,0,0,0,0,0,0,0,
   0,0,0,0,0,0,0),List(0,0,0,0,0,0,0.0001036001036001036,0,
   -0.00016454134101192923,0,0.00009526077637532746,0,
   -0.000019656985601258048,0,0,0,0,0,0,0,0,0,0,0,0,0,0,0,0,0),
  List(0,0,0,0,0,0,0,0.00005484711367064308,0,-0.00009526077637532746,0,
   0.00005897095680377414,0,-0.00001281977321821177,0,0,0,0,0,0,0,0,0,0,0,0,
   0,0,0,0),List(0,0,0,0,0,0,0,0,0.00003175359212510915,0,
   -0.00005897095680377414,0,0.00003845931965463531,0,-8.717445788384003e-6,
   0,0,0,0,0,0,0,0,0,0,0,0,0,0,0),
  List(0,0,0,0,0,0,0,0,0,0.000019656985601258048,0,-0.00003845931965463531,0,
   0.000026152337365152012,0,-6.134498888122077e-6,0,0,0,0,0,0,0,0,0,0,0,0,0,
   0),List(0,0,0,0,0,0,0,0,0,0,0.00001281977321821177,0,
   -0.000026152337365152012,0,0.00001840349666436623,0,-4.442223332778056e-6,
   0,0,0,0,0,0,0,0,0,0,0,0,0),List(0,0,0,0,0,0,0,0,0,0,0,
   8.717445788384003e-6,0,-0.00001840349666436623,0,0.000013326669998334166,
   0,-3.2958431178675895e-6,0,0,0,0,0,0,0,0,0,0,0,0),
  List(0,0,0,0,0,0,0,0,0,0,0,0,6.134498888122077e-6,0,
   -0.000013326669998334166,0,9.887529353602768e-6,0,-2.496850846869386e-6,0,
   0,0,0,0,0,0,0,0,0,0),List(0,0,0,0,0,0,0,0,0,0,0,0,0,4.442223332778056e-6,
   0,-9.887529353602768e-6,0,7.490552540608158e-6,0,-1.926142081870669e-6,0,
   0,0,0,0,0,0,0,0,0),List(0,0,0,0,0,0,0,0,0,0,0,0,0,0,3.2958431178675895e-6,
   0,-7.490552540608158e-6,0,5.778426245612007e-6,0,-1.5096789290337676e-6,0,
   0,0,0,0,0,0,0,0),List(0,0,0,0,0,0,0,0,0,0,0,0,0,0,0,2.496850846869386e-6,
   0,-5.778426245612007e-6,0,4.529036787101303e-6,0,-1.2000012000012e-6,0,0,
   0,0,0,0,0,0),List(0,0,0,0,0,0,0,0,0,0,0,0,0,0,0,0,1.926142081870669e-6,0,
   -4.529036787101303e-6,0,3.6000036000036e-6,0,-9.658546243912097e-7,0,0,0,
   0,0,0,0),List(0,0,0,0,0,0,0,0,0,0,0,0,0,0,0,0,0,1.5096789290337676e-6,0,
   -3.6000036000036e-6,0,2.897563873173629e-6,0,-7.861607407835428e-7,0,0,0,
   0,0,0),List(0,0,0,0,0,0,0,0,0,0,0,0,0,0,0,0,0,0,1.2000012000012e-6,0,
   -2.897563873173629e-6,0,2.3584822223506285e-6,0,-6.46398831310913e-7,0,0,
   0,0,0),List(0,0,0,0,0,0,0,0,0,0,0,0,0,0,0,0,0,0,0,9.658546243912097e-7,0,
   -2.3584822223506285e-6,0,1.939196493932739e-6,0,-5.363734983218214e-7,0,0,
   0,0),List(0,0,0,0,0,0,0,0,0,0,0,0,0,0,0,0,0,0,0,0,7.861607407835428e-7,0,
   -1.939196493932739e-6,0,1.6091204949654642e-6,0,-4.488023149223404e-7,0,0,
   0),List(0,0,0,0,0,0,0,0,0,0,0,0,0,0,0,0,0,0,0,0,0,6.46398831310913e-7,0,
   -1.6091204949654642e-6,0,1.346406944767021e-6,0,-3.7840195179726736e-7,0,
   0),List(0,0,0,0,0,0,0,0,0,0,0,0,0,0,0,0,0,0,0,0,0,0,5.363734983218214e-7,
   0,-1.346406944767021e-6,0,1.1352058553918022e-6,0,-3.2128467605428364e-7,
   0),List(0,0,0,0,0,0,0,0,0,0,0,0,0,0,0,0,0,0,0,0,0,0,0,
   4.488023149223404e-7,0,-1.1352058553918022e-6,0,9.638540281628509e-7,0,
   -2.745523595372969e-7),List(0,0,0,0,0,0,0,0,0,0,0,0,0,0,0,0,0,0,0,0,0,0,0,
   0,3.7840195179726736e-7,0,-9.638540281628509e-7,0,8.236570786118908e-7,0),
  List(0,0,0,0,0,0,0,0,0,0,0,0,0,0,0,0,0,0,0,0,0,0,0,0,0,
   3.2128467605428364e-7,0,-8.236570786118908e-7,0,7.080560851225026e-7),
  List(0,0,0,0,0,0,0,0,0,0,0,0,0,0,0,0,0,0,0,0,0,0,0,0,0,0,
   2.745523595372969e-7,0,-7.080560851225026e-7,0))
