List(List((26*x1t*y1t)/35.,(11*x1t*y1r)/105.,(9*x1t*y2t)/35.,
   (-13*x1t*y2r)/210.,x1t/15.,(-4*x1t)/315.,0,x1t/3465.,0,0,0,0,0,0,0,0,0,0,
   0,0,0,0,0,0,0,0,0,0,0,0),List((11*x1r*y1t)/105.,(2*x1r*y1r)/105.,
   (13*x1r*y2t)/210.,-(x1r*y2r)/70.,x1r/70.,-x1r/630.,-x1r/1890.,x1r/6930.,0,
   0,0,0,0,0,0,0,0,0,0,0,0,0,0,0,0,0,0,0,0,0),
  List((9*x2t*y1t)/35.,(13*x2t*y1r)/210.,(26*x2t*y2t)/35.,(-11*x2t*y2r)/105.,
   x2t/15.,(4*x2t)/315.,0,-x2t/3465.,0,0,0,0,0,0,0,0,0,0,0,0,0,0,0,0,0,0,0,0,
   0,0),List((-13*x2r*y1t)/210.,-(x2r*y1r)/70.,(-11*x2r*y2t)/105.,
   (2*x2r*y2r)/105.,-x2r/70.,-x2r/630.,x2r/1890.,x2r/6930.,0,0,0,0,0,0,0,0,0,
   0,0,0,0,0,0,0,0,0,0,0,0,0),List(y1t/15.,y1r/70.,y2t/15.,-y2r/70.,
   0.012698412698412698,0,-0.0007696007696007696,0,0.0000444000444000444,0,0,
   0,0,0,0,0,0,0,0,0,0,0,0,0,0,0,0,0,0,0),
  List((-4*y1t)/315.,-y1r/630.,(4*y2t)/315.,-y2r/630.,0,
   0.0011544011544011544,0,-0.0001776001776001776,0,0.0000148000148000148,0,
   0,0,0,0,0,0,0,0,0,0,0,0,0,0,0,0,0,0,0),
  List(0,-y1r/1890.,0,y2r/1890.,-0.0007696007696007696,0,
   0.0002664002664002664,0,-0.0000592000592000592,0,6.094123741182565e-6,0,0,
   0,0,0,0,0,0,0,0,0,0,0,0,0,0,0,0,0),
  List(y1t/3465.,y1r/6930.,-y2t/3465.,y2r/6930.,0,-0.0001776001776001776,0,
   0.0000888000888000888,0,-0.00002437649496473026,0,2.8866901931917413e-6,0,
   0,0,0,0,0,0,0,0,0,0,0,0,0,0,0,0,0),
  List(0,0,0,0,0.0000444000444000444,0,-0.0000592000592000592,0,
   0.00003656474244709539,0,-0.000011546760772766965,0,1.5120758154813882e-6,
   0,0,0,0,0,0,0,0,0,0,0,0,0,0,0,0,0),
  List(0,0,0,0,0,0.0000148000148000148,0,-0.00002437649496473026,0,
   0.000017320141159150446,0,-6.048303261925553e-6,0,8.546515478807846e-7,0,
   0,0,0,0,0,0,0,0,0,0,0,0,0,0,0),
  List(0,0,0,0,0,0,6.094123741182565e-6,0,-0.000011546760772766965,0,
   9.07245489288833e-6,0,-3.4186061915231384e-6,0,5.127909287284708e-7,0,0,0,
   0,0,0,0,0,0,0,0,0,0,0,0),List(0,0,0,0,0,0,0,2.8866901931917413e-6,0,
   -6.048303261925553e-6,0,5.127909287284708e-6,0,-2.051163714913883e-6,0,
   3.2286836253274086e-7,0,0,0,0,0,0,0,0,0,0,0,0,0,0),
  List(0,0,0,0,0,0,0,0,1.5120758154813882e-6,0,-3.4186061915231384e-6,0,
   3.076745572370825e-6,0,-1.2914734501309634e-6,0,2.1153444441800265e-7,0,0,
   0,0,0,0,0,0,0,0,0,0,0),List(0,0,0,0,0,0,0,0,0,8.546515478807846e-7,0,
   -2.051163714913883e-6,0,1.937210175196445e-6,0,-8.461377776720106e-7,0,
   1.4329752686380824e-7,0,0,0,0,0,0,0,0,0,0,0,0),
  List(0,0,0,0,0,0,0,0,0,0,5.127909287284708e-7,0,-1.2914734501309634e-6,0,
   1.2692066665080157e-6,0,-5.73190107455233e-7,0,9.987403387477545e-8,0,0,0,
   0,0,0,0,0,0,0,0),List(0,0,0,0,0,0,0,0,0,0,0,3.2286836253274086e-7,0,
   -8.461377776720106e-7,0,8.597851611828494e-7,0,-3.994961354991018e-7,0,
   7.13385956248396e-8,0,0,0,0,0,0,0,0,0,0),
  List(0,0,0,0,0,0,0,0,0,0,0,0,2.1153444441800265e-7,0,-5.73190107455233e-7,
   0,5.992442032486526e-7,0,-2.853543824993584e-7,0,5.205789410461268e-8,0,0,
   0,0,0,0,0,0,0),List(0,0,0,0,0,0,0,0,0,0,0,0,0,1.4329752686380824e-7,0,
   -3.994961354991018e-7,0,4.280315737490376e-7,0,-2.0823157641845072e-7,0,
   3.870971612907097e-8,0,0,0,0,0,0,0,0),
  List(0,0,0,0,0,0,0,0,0,0,0,0,0,0,9.987403387477545e-8,0,
   -2.853543824993584e-7,0,3.1234736462767607e-7,0,-1.5483886451628388e-7,0,
   2.926832195124878e-8,0,0,0,0,0,0,0),
  List(0,0,0,0,0,0,0,0,0,0,0,0,0,0,0,7.13385956248396e-8,0,
   -2.0823157641845072e-7,0,2.3225829677442582e-7,0,-1.1707328780499513e-7,0,
   2.2461735450958367e-8,0,0,0,0,0,0),
  List(0,0,0,0,0,0,0,0,0,0,0,0,0,0,0,0,5.205789410461268e-8,0,
   -1.5483886451628388e-7,0,1.7560993170749267e-7,0,-8.984694180383347e-8,0,
   1.747023868407873e-8,0,0,0,0,0),
  List(0,0,0,0,0,0,0,0,0,0,0,0,0,0,0,0,0,3.870971612907097e-8,0,
   -1.1707328780499513e-7,0,1.347704127057502e-7,0,-6.988095473631492e-8,0,
   1.3753166623636447e-8,0,0,0,0),
  List(0,0,0,0,0,0,0,0,0,0,0,0,0,0,0,0,0,0,2.926832195124878e-8,0,
   -8.984694180383347e-8,0,1.0482143210447237e-7,0,-5.501266649454579e-8,0,
   1.0946397924935132e-8,0,0,0),
  List(0,0,0,0,0,0,0,0,0,0,0,0,0,0,0,0,0,0,0,2.2461735450958367e-8,0,
   -6.988095473631492e-8,0,8.251899974181868e-8,0,-4.3785591699740526e-8,0,
   8.800045390634124e-9,0,0),List(0,0,0,0,0,0,0,0,0,0,0,0,0,0,0,0,0,0,0,0,
   1.747023868407873e-8,0,-5.501266649454579e-8,0,6.567838754961079e-8,0,
   -3.5200181562536496e-8,0,7.13965946787297e-9,0),
  List(0,0,0,0,0,0,0,0,0,0,0,0,0,0,0,0,0,0,0,0,0,1.3753166623636447e-8,0,
   -4.3785591699740526e-8,0,5.280027234380475e-8,0,-2.855863787149188e-8,0,
   5.841539564623339e-9),List(0,0,0,0,0,0,0,0,0,0,0,0,0,0,0,0,0,0,0,0,0,0,
   1.0946397924935132e-8,0,-3.5200181562536496e-8,0,4.283795680723781e-8,0,
   -2.3366158258493355e-8,0),List(0,0,0,0,0,0,0,0,0,0,0,0,0,0,0,0,0,0,0,0,0,
   0,0,8.800045390634124e-9,0,-2.855863787149188e-8,0,3.504923738774003e-8,0,
   -1.9266832248231362e-8),List(0,0,0,0,0,0,0,0,0,0,0,0,0,0,0,0,0,0,0,0,0,0,
   0,0,7.13965946787297e-9,0,-2.3366158258493355e-8,0,2.890024837234704e-8,0),
  List(0,0,0,0,0,0,0,0,0,0,0,0,0,0,0,0,0,0,0,0,0,0,0,0,0,5.841539564623339e-9,
   0,-1.9266832248231362e-8,0,2.4001901190593306e-8))
