List(List(0,(x1t*y1r)/4.,0,-(x1t*y2r)/4.,x1t/5.,0,0,0,0,0,0,0,0,0,0,0,0,0,0,
   0,0,0,0,0,0,0,0,0,0,0),List(-(x1r*y1t)/4.,-(x1r*y1r)/8.,(x1r*y2t)/4.,
   -(x1r*y2r)/8.,x1r/10.,0,0,0,0,0,0,0,0,0,0,0,0,0,0,0,0,0,0,0,0,0,0,0,0,0),
  List(0,-(x2t*y1r)/4.,0,(x2t*y2r)/4.,-x2t/5.,0,0,0,0,0,0,0,0,0,0,0,0,0,0,0,
   0,0,0,0,0,0,0,0,0,0),List((x2r*y1t)/4.,(x2r*y1r)/8.,-(x2r*y2t)/4.,
   (x2r*y2r)/8.,x2r/10.,0,0,0,0,0,0,0,0,0,0,0,0,0,0,0,0,0,0,0,0,0,0,0,0,0),
  List(-y1t/5.,-y1r/10.,y2t/5.,-y2r/10.,0,0.05714285714285714,0,0,0,0,0,0,0,
   0,0,0,0,0,0,0,0,0,0,0,0,0,0,0,0,0),
  List(0,0,0,0,-0.05714285714285714,0,0.031746031746031744,0,0,0,0,0,0,0,0,0,
   0,0,0,0,0,0,0,0,0,0,0,0,0,0),
  List(0,0,0,0,0,-0.031746031746031744,0,0.020202020202020204,0,0,0,0,0,0,0,
   0,0,0,0,0,0,0,0,0,0,0,0,0,0,0),
  List(0,0,0,0,0,0,-0.020202020202020204,0,0.013986013986013986,0,0,0,0,0,0,
   0,0,0,0,0,0,0,0,0,0,0,0,0,0,0),
  List(0,0,0,0,0,0,0,-0.013986013986013986,0,0.010256410256410256,0,0,0,0,0,
   0,0,0,0,0,0,0,0,0,0,0,0,0,0,0),
  List(0,0,0,0,0,0,0,0,-0.010256410256410256,0,0.00784313725490196,0,0,0,0,0,
   0,0,0,0,0,0,0,0,0,0,0,0,0,0),
  List(0,0,0,0,0,0,0,0,0,-0.00784313725490196,0,0.006191950464396285,0,0,0,0,
   0,0,0,0,0,0,0,0,0,0,0,0,0,0),
  List(0,0,0,0,0,0,0,0,0,0,-0.006191950464396285,0,0.005012531328320802,0,0,
   0,0,0,0,0,0,0,0,0,0,0,0,0,0,0),
  List(0,0,0,0,0,0,0,0,0,0,0,-0.005012531328320802,0,0.004140786749482402,0,
   0,0,0,0,0,0,0,0,0,0,0,0,0,0,0),
  List(0,0,0,0,0,0,0,0,0,0,0,0,-0.004140786749482402,0,0.0034782608695652175,
   0,0,0,0,0,0,0,0,0,0,0,0,0,0,0),
  List(0,0,0,0,0,0,0,0,0,0,0,0,0,-0.0034782608695652175,0,
   0.002962962962962963,0,0,0,0,0,0,0,0,0,0,0,0,0,0),
  List(0,0,0,0,0,0,0,0,0,0,0,0,0,0,-0.002962962962962963,0,
   0.002554278416347382,0,0,0,0,0,0,0,0,0,0,0,0,0),
  List(0,0,0,0,0,0,0,0,0,0,0,0,0,0,0,-0.002554278416347382,0,
   0.002224694104560623,0,0,0,0,0,0,0,0,0,0,0,0),
  List(0,0,0,0,0,0,0,0,0,0,0,0,0,0,0,0,-0.002224694104560623,0,
   0.0019550342130987292,0,0,0,0,0,0,0,0,0,0,0),
  List(0,0,0,0,0,0,0,0,0,0,0,0,0,0,0,0,0,-0.0019550342130987292,0,
   0.0017316017316017316,0,0,0,0,0,0,0,0,0,0),
  List(0,0,0,0,0,0,0,0,0,0,0,0,0,0,0,0,0,0,-0.0017316017316017316,0,
   0.0015444015444015444,0,0,0,0,0,0,0,0,0),
  List(0,0,0,0,0,0,0,0,0,0,0,0,0,0,0,0,0,0,0,-0.0015444015444015444,0,
   0.001386001386001386,0,0,0,0,0,0,0,0),
  List(0,0,0,0,0,0,0,0,0,0,0,0,0,0,0,0,0,0,0,0,-0.001386001386001386,0,
   0.0012507817385866166,0,0,0,0,0,0,0),
  List(0,0,0,0,0,0,0,0,0,0,0,0,0,0,0,0,0,0,0,0,0,-0.0012507817385866166,0,
   0.0011344299489506524,0,0,0,0,0,0),
  List(0,0,0,0,0,0,0,0,0,0,0,0,0,0,0,0,0,0,0,0,0,0,-0.0011344299489506524,0,
   0.0010335917312661498,0,0,0,0,0),
  List(0,0,0,0,0,0,0,0,0,0,0,0,0,0,0,0,0,0,0,0,0,0,0,-0.0010335917312661498,
   0,0.0009456264775413711,0,0,0,0),
  List(0,0,0,0,0,0,0,0,0,0,0,0,0,0,0,0,0,0,0,0,0,0,0,0,
   -0.0009456264775413711,0,0.0008684324793747286,0,0,0),
  List(0,0,0,0,0,0,0,0,0,0,0,0,0,0,0,0,0,0,0,0,0,0,0,0,0,
   -0.0008684324793747286,0,0.0008003201280512205,0,0),
  List(0,0,0,0,0,0,0,0,0,0,0,0,0,0,0,0,0,0,0,0,0,0,0,0,0,0,
   -0.0008003201280512205,0,0.0007399186089530152,0),
  List(0,0,0,0,0,0,0,0,0,0,0,0,0,0,0,0,0,0,0,0,0,0,0,0,0,0,0,
   -0.0007399186089530152,0,0.0006861063464837049),
  List(0,0,0,0,0,0,0,0,0,0,0,0,0,0,0,0,0,0,0,0,0,0,0,0,0,0,0,0,
   -0.0006861063464837049,0))
