List(List((x1t*y1t)/2.,-(x1t*y2t)/2.,0,0,0,0,0,0,0,0,0,0,0,0,0,0,0,0,0,0,0,0,
   0,0,0,0,0,0,0,0),List(-(x2t*y1t)/2.,(x2t*y2t)/2.,0,0,0,0,0,0,0,0,0,0,0,0,
   0,0,0,0,0,0,0,0,0,0,0,0,0,0,0,0),
  List(0,0,0.0380952380952381,0,-0.006349206349206349,0,0,0,0,0,0,0,0,0,0,0,
   0,0,0,0,0,0,0,0,0,0,0,0,0,0),
  List(0,0,0,0.012698412698412698,0,-0.002886002886002886,0,0,0,0,0,0,0,0,0,
   0,0,0,0,0,0,0,0,0,0,0,0,0,0,0),
  List(0,0,-0.006349206349206349,0,0.005772005772005772,0,
   -0.001554001554001554,0,0,0,0,0,0,0,0,0,0,0,0,0,0,0,0,0,0,0,0,0,0,0),
  List(0,0,0,-0.002886002886002886,0,0.003108003108003108,0,
   -0.0009324009324009324,0,0,0,0,0,0,0,0,0,0,0,0,0,0,0,0,0,0,0,0,0,0),
  List(0,0,0,0,-0.001554001554001554,0,0.0018648018648018648,0,
   -0.0006033182503770739,0,0,0,0,0,0,0,0,0,0,0,0,0,0,0,0,0,0,0,0,0),
  List(0,0,0,0,0,-0.0009324009324009324,0,0.0012066365007541479,0,
   -0.000412796697626419,0,0,0,0,0,0,0,0,0,0,0,0,0,0,0,0,0,0,0,0),
  List(0,0,0,0,0,0,-0.0006033182503770739,0,0.000825593395252838,0,
   -0.0002948547840188707,0,0,0,0,0,0,0,0,0,0,0,0,0,0,0,0,0,0,0),
  List(0,0,0,0,0,0,0,-0.000412796697626419,0,0.0005897095680377414,0,
   -0.00021793614470960008,0,0,0,0,0,0,0,0,0,0,0,0,0,0,0,0,0,0),
  List(0,0,0,0,0,0,0,0,-0.0002948547840188707,0,0.00043587228941920016,0,
   -0.00016563146997929605,0,0,0,0,0,0,0,0,0,0,0,0,0,0,0,0,0),
  List(0,0,0,0,0,0,0,0,0,-0.00021793614470960008,0,0.0003312629399585921,0,
   -0.0001288244766505636,0,0,0,0,0,0,0,0,0,0,0,0,0,0,0,0),
  List(0,0,0,0,0,0,0,0,0,0,-0.00016563146997929605,0,0.0002576489533011272,0,
   -0.00010217113665389528,0,0,0,0,0,0,0,0,0,0,0,0,0,0,0),
  List(0,0,0,0,0,0,0,0,0,0,0,-0.0001288244766505636,0,0.00020434227330779056,
   0,-0.00008239607794668974,0,0,0,0,0,0,0,0,0,0,0,0,0,0),
  List(0,0,0,0,0,0,0,0,0,0,0,0,-0.00010217113665389528,0,
   0.00016479215589337948,0,-0.00006741497286547342,0,0,0,0,0,0,0,0,0,0,0,0,
   0),List(0,0,0,0,0,0,0,0,0,0,0,0,0,-0.00008239607794668974,0,
   0.00013482994573094684,0,-0.000055858120374249406,0,0,0,0,0,0,0,0,0,0,0,0),
  List(0,0,0,0,0,0,0,0,0,0,0,0,0,0,-0.00006741497286547342,0,
   0.00011171624074849881,0,-0.0000468000468000468,0,0,0,0,0,0,0,0,0,0,0),
  List(0,0,0,0,0,0,0,0,0,0,0,0,0,0,0,-0.000055858120374249406,0,
   0.0000936000936000936,0,-0.0000396000396000396,0,0,0,0,0,0,0,0,0,0),
  List(0,0,0,0,0,0,0,0,0,0,0,0,0,0,0,0,-0.0000468000468000468,0,
   0.0000792000792000792,0,-0.00003380491185369234,0,0,0,0,0,0,0,0,0),
  List(0,0,0,0,0,0,0,0,0,0,0,0,0,0,0,0,0,-0.0000396000396000396,0,
   0.00006760982370738469,0,-0.000029087947408991083,0,0,0,0,0,0,0,0),
  List(0,0,0,0,0,0,0,0,0,0,0,0,0,0,0,0,0,0,-0.00003380491185369234,0,
   0.00005817589481798217,0,-0.000025209554421125605,0,0,0,0,0,0,0),
  List(0,0,0,0,0,0,0,0,0,0,0,0,0,0,0,0,0,0,0,-0.000029087947408991083,0,
   0.00005041910884225121,0,-0.000021991313431194678,0,0,0,0,0,0),
  List(0,0,0,0,0,0,0,0,0,0,0,0,0,0,0,0,0,0,0,0,-0.000025209554421125605,0,
   0.000043982626862389356,0,-0.000019298499541660635,0,0,0,0,0),
  List(0,0,0,0,0,0,0,0,0,0,0,0,0,0,0,0,0,0,0,0,0,-0.000021991313431194678,0,
   0.00003859699908332127,0,-0.000017028087830877032,0,0,0,0),
  List(0,0,0,0,0,0,0,0,0,0,0,0,0,0,0,0,0,0,0,0,0,0,-0.000019298499541660635,
   0,0.000034056175661754064,0,-0.00001510037977455133,0,0,0),
  List(0,0,0,0,0,0,0,0,0,0,0,0,0,0,0,0,0,0,0,0,0,0,0,
   -0.000017028087830877032,0,0.00003020075954910266,0,
   -0.000013453065617327549,0,0),
  List(0,0,0,0,0,0,0,0,0,0,0,0,0,0,0,0,0,0,0,0,0,0,0,0,
   -0.00001510037977455133,0,0.000026906131234655097,0,
   -0.000012036953447082543,0),List(0,0,0,0,0,0,0,0,0,0,0,0,0,0,0,0,0,0,0,0,
   0,0,0,0,0,-0.000013453065617327549,0,0.000024073906894165086,0,
   -0.000010812856486362285),List(0,0,0,0,0,0,0,0,0,0,0,0,0,0,0,0,0,0,0,0,0,
   0,0,0,0,0,-0.000012036953447082543,0,0.00002162571297272457,0),
  List(0,0,0,0,0,0,0,0,0,0,0,0,0,0,0,0,0,0,0,0,0,0,0,0,0,0,0,
   -0.000010812856486362285,0,0.000019498593663931987))
