List(List(0,0,0,0,0,0,0,0,0,0,0,0,0,0,0,0,0,0,0,0,0,0,0,0,0,0,0,0,0,0),
  List(0,0,0,0,0,0,0,0,0,0,0,0,0,0,0,0,0,0,0,0,0,0,0,0,0,0,0,0,0,0),
  List(0,0,0.4,0,0,0,0,0,0,0,0,0,0,0,0,0,0,0,0,0,0,0,0,0,0,0,0,0,0,0),
  List(0,0,0,0.2857142857142857,0,0,0,0,0,0,0,0,0,0,0,0,0,0,0,0,0,0,0,0,0,0,
   0,0,0,0),List(0,0,0,0,0.2222222222222222,0,0,0,0,0,0,0,0,0,0,0,0,0,0,0,0,
   0,0,0,0,0,0,0,0,0),List(0,0,0,0,0,0.18181818181818182,0,0,0,0,0,0,0,0,0,0,
   0,0,0,0,0,0,0,0,0,0,0,0,0,0),
  List(0,0,0,0,0,0,0.15384615384615385,0,0,0,0,0,0,0,0,0,0,0,0,0,0,0,0,0,0,0,
   0,0,0,0),List(0,0,0,0,0,0,0,0.13333333333333333,0,0,0,0,0,0,0,0,0,0,0,0,0,
   0,0,0,0,0,0,0,0,0),List(0,0,0,0,0,0,0,0,0.11764705882352941,0,0,0,0,0,0,0,
   0,0,0,0,0,0,0,0,0,0,0,0,0,0),
  List(0,0,0,0,0,0,0,0,0,0.10526315789473684,0,0,0,0,0,0,0,0,0,0,0,0,0,0,0,0,
   0,0,0,0),List(0,0,0,0,0,0,0,0,0,0,0.09523809523809523,0,0,0,0,0,0,0,0,0,0,
   0,0,0,0,0,0,0,0,0),List(0,0,0,0,0,0,0,0,0,0,0,0.08695652173913043,0,0,0,0,
   0,0,0,0,0,0,0,0,0,0,0,0,0,0),
  List(0,0,0,0,0,0,0,0,0,0,0,0,0.08,0,0,0,0,0,0,0,0,0,0,0,0,0,0,0,0,0),
  List(0,0,0,0,0,0,0,0,0,0,0,0,0,0.07407407407407407,0,0,0,0,0,0,0,0,0,0,0,0,
   0,0,0,0),List(0,0,0,0,0,0,0,0,0,0,0,0,0,0,0.06896551724137931,0,0,0,0,0,0,
   0,0,0,0,0,0,0,0,0),List(0,0,0,0,0,0,0,0,0,0,0,0,0,0,0,0.06451612903225806,
   0,0,0,0,0,0,0,0,0,0,0,0,0,0),
  List(0,0,0,0,0,0,0,0,0,0,0,0,0,0,0,0,0.06060606060606061,0,0,0,0,0,0,0,0,0,
   0,0,0,0),List(0,0,0,0,0,0,0,0,0,0,0,0,0,0,0,0,0,0.05714285714285714,0,0,0,
   0,0,0,0,0,0,0,0,0),List(0,0,0,0,0,0,0,0,0,0,0,0,0,0,0,0,0,0,
   0.05405405405405406,0,0,0,0,0,0,0,0,0,0,0),
  List(0,0,0,0,0,0,0,0,0,0,0,0,0,0,0,0,0,0,0,0.05128205128205128,0,0,0,0,0,0,
   0,0,0,0),List(0,0,0,0,0,0,0,0,0,0,0,0,0,0,0,0,0,0,0,0,0.04878048780487805,
   0,0,0,0,0,0,0,0,0),List(0,0,0,0,0,0,0,0,0,0,0,0,0,0,0,0,0,0,0,0,0,
   0.046511627906976744,0,0,0,0,0,0,0,0),
  List(0,0,0,0,0,0,0,0,0,0,0,0,0,0,0,0,0,0,0,0,0,0,0.044444444444444446,0,0,
   0,0,0,0,0),List(0,0,0,0,0,0,0,0,0,0,0,0,0,0,0,0,0,0,0,0,0,0,0,
   0.0425531914893617,0,0,0,0,0,0),
  List(0,0,0,0,0,0,0,0,0,0,0,0,0,0,0,0,0,0,0,0,0,0,0,0,0.04081632653061224,0,
   0,0,0,0),List(0,0,0,0,0,0,0,0,0,0,0,0,0,0,0,0,0,0,0,0,0,0,0,0,0,
   0.0392156862745098,0,0,0,0),List(0,0,0,0,0,0,0,0,0,0,0,0,0,0,0,0,0,0,0,0,
   0,0,0,0,0,0,0.03773584905660377,0,0,0),
  List(0,0,0,0,0,0,0,0,0,0,0,0,0,0,0,0,0,0,0,0,0,0,0,0,0,0,0,
   0.03636363636363636,0,0),List(0,0,0,0,0,0,0,0,0,0,0,0,0,0,0,0,0,0,0,0,0,0,
   0,0,0,0,0,0,0.03508771929824561,0),
  List(0,0,0,0,0,0,0,0,0,0,0,0,0,0,0,0,0,0,0,0,0,0,0,0,0,0,0,0,0,
   0.03389830508474576))
